 -1.880   1.000   1.000   1.000   1.000   1.000   1.000   1.000 
 -1.845   1.000   1.000   1.000   1.000   1.000   1.000   1.000 
 -1.810   1.000   1.000   1.000   1.000   1.000   1.000   1.000 
 -1.775   1.000   1.000   1.000   1.000   1.000   1.000   1.000 
 -1.740   0.999   1.000   1.000   1.000   1.000   1.000   1.000 
 -1.705   0.999   1.000   1.000   1.000   1.000   1.000   1.000 
 -1.670   0.998   0.999   1.000   1.000   1.000   1.000   1.000 
 -1.635   0.998   0.999   1.000   1.000   1.000   1.000   1.000 
 -1.600   0.997   0.999   1.000   1.000   1.000   1.000   1.000 
 -1.565   0.996   0.998   1.000   1.000   1.000   1.000   1.000 
 -1.530   0.995   0.998   0.999   1.000   1.000   1.000   1.000 
 -1.495   0.993   0.997   0.999   1.000   1.000   1.000   1.000 
 -1.460   0.991   0.996   0.999   1.000   1.000   1.000   1.000 
 -1.425   0.990   0.995   0.999   1.000   1.000   1.000   1.000 
 -1.390   0.987   0.993   0.998   1.000   1.000   1.000   1.000 
 -1.355   0.985   0.992   0.997   1.000   1.000   1.000   1.000 
 -1.320   0.981   0.990   0.996   0.999   1.000   1.000   1.000 
 -1.285   0.978   0.988   0.995   0.999   1.000   1.000   1.000 
 -1.250   0.972   0.985   0.994   0.999   1.000   1.000   1.000 
 -1.215   0.967   0.982   0.992   0.998   1.000   1.000   1.000 
 -1.180   0.962   0.977   0.990   0.998   1.000   1.000   1.000 
 -1.145   0.956   0.974   0.988   0.997   1.000   1.000   1.000 
 -1.110   0.950   0.969   0.985   0.996   1.000   1.000   1.000 
 -1.075   0.943   0.965   0.982   0.995   0.999   1.000   1.000 
 -1.040   0.934   0.958   0.979   0.993   0.999   1.000   1.000 
 -1.005   0.927   0.952   0.975   0.991   0.999   1.000   1.000 
 -0.970   0.917   0.945   0.970   0.989   0.998   1.000   1.000 
 -0.935   0.909   0.939   0.966   0.986   0.997   1.000   1.000 
 -0.900   0.898   0.930   0.959   0.983   0.996   1.000   1.000 
 -0.865   0.889   0.923   0.955   0.980   0.995   1.000   1.000 
 -0.830   0.877   0.913   0.947   0.975   0.993   1.000   1.000 
 -0.795   0.868   0.906   0.941   0.971   0.992   1.000   1.000 
 -0.760   0.856   0.895   0.933   0.966   0.989   1.000   1.000 
 -0.725   0.847   0.888   0.927   0.961   0.986   1.000   1.000 
 -0.690   0.834   0.877   0.918   0.954   0.983   1.000   1.000 
 -0.655   0.823   0.868   0.911   0.949   0.979   1.000   1.000 
 -0.620   0.809   0.857   0.901   0.941   0.974   1.000   1.000 
 -0.585   0.799   0.847   0.894   0.935   0.970   1.000   1.000 
 -0.550   0.785   0.835   0.883   0.927   0.964   1.000   1.000 
 -0.515   0.774   0.825   0.875   0.920   0.959   1.000   1.000 
 -0.480   0.759   0.813   0.864   0.912   0.952   1.000   1.000 
 -0.445   0.746   0.802   0.855   0.904   0.947   1.000   1.000 
 -0.410   0.729   0.788   0.843   0.894   0.939   1.000   1.000 
 -0.375   0.717   0.777   0.834   0.887   0.933   1.000   1.000 
 -0.340   0.701   0.762   0.821   0.876   0.924   1.000   1.000 
 -0.305   0.686   0.750   0.811   0.868   0.917   1.000   1.000 
 -0.270   0.667   0.733   0.797   0.856   0.908   1.000   1.000 
 -0.235   0.653   0.721   0.787   0.847   0.901   1.000   1.000 
 -0.200   0.632   0.703   0.771   0.834   0.890   1.000   1.000 
 -0.165   0.615   0.688   0.758   0.824   0.882   1.000   1.000 
 -0.130   0.593   0.668   0.742   0.810   0.871   1.000   1.000 
 -0.095   0.576   0.653   0.728   0.799   0.862   1.000   1.000 
 -0.060   0.554   0.633   0.710   0.783   0.849   1.000   1.000 
 -0.025   0.538   0.617   0.695   0.771   0.839   1.000   1.000 
  0.010   0.515   0.595   0.675   0.753   0.824   1.000   1.000 
  0.045   0.498   0.579   0.659   0.738   0.812   1.000   1.000 
  0.080   0.477   0.557   0.638   0.718   0.795   1.000   1.000 
  0.115   0.461   0.541   0.622   0.702   0.780   0.999   1.000 
  0.150   0.439   0.519   0.600   0.680   0.760   0.999   1.000 
  0.185   0.423   0.503   0.583   0.663   0.742   0.997   1.000 
  0.220   0.401   0.480   0.560   0.639   0.718   0.992   1.000 
  0.255   0.384   0.462   0.540   0.618   0.697   0.984   1.000 
  0.290   0.361   0.438   0.515   0.591   0.668   0.974   1.000 
  0.325   0.344   0.420   0.496   0.572   0.647   0.966   1.000 
  0.360   0.321   0.395   0.469   0.543   0.616   0.949   1.000 
  0.395   0.304   0.376   0.448   0.520   0.592   0.933   1.000 
  0.430   0.282   0.352   0.421   0.490   0.560   0.911   1.000 
  0.465   0.266   0.334   0.401   0.468   0.536   0.891   0.996 
  0.500   0.245   0.310   0.375   0.440   0.504   0.866   0.996 
  0.535   0.229   0.292   0.355   0.418   0.481   0.847   0.994 
  0.570   0.207   0.266   0.325   0.384   0.443   0.802   0.988 
  0.605   0.193   0.249   0.306   0.362   0.419   0.774   0.974 
  0.640   0.173   0.226   0.280   0.334   0.387   0.737   0.952 
  0.675   0.158   0.210   0.261   0.313   0.364   0.708   0.937 
  0.710   0.140   0.188   0.236   0.283   0.331   0.661   0.914 
  0.745   0.126   0.171   0.215   0.259   0.304   0.619   0.881 
  0.780   0.108   0.148   0.188   0.227   0.267   0.554   0.806 
  0.815   0.096   0.133   0.169   0.206   0.243   0.513   0.769 
  0.850   0.081   0.113   0.146   0.178   0.211   0.456   0.707 
  0.885   0.070   0.099   0.128   0.157   0.186   0.409   0.650 
  0.920   0.057   0.081   0.105   0.129   0.153   0.338   0.550 
  0.955   0.050   0.071   0.093   0.114   0.136   0.303   0.494 
  0.990   0.041   0.060   0.078   0.096   0.115   0.259   0.435 
  1.025   0.035   0.051   0.067   0.083   0.099   0.227   0.394 
  1.060   0.028   0.041   0.055   0.069   0.083   0.192   0.338 
  1.095   0.023   0.035   0.047   0.059   0.072   0.169   0.300 
  1.130   0.017   0.026   0.035   0.045   0.054   0.128   0.229 
  1.165   0.013   0.021   0.029   0.036   0.044   0.105   0.190 
  1.200   0.009   0.015   0.020   0.025   0.031   0.074   0.133 
  1.235   0.007   0.012   0.016   0.020   0.024   0.058   0.105 
  1.270   0.005   0.009   0.012   0.016   0.020   0.048   0.088 
  1.305   0.004   0.007   0.009   0.012   0.015   0.037   0.068 
  1.340   0.002   0.004   0.006   0.008   0.010   0.026   0.048 
  1.375   0.002   0.003   0.004   0.005   0.006   0.015   0.028 
  1.410   0.001   0.002   0.003   0.004   0.005   0.013   0.025 
  1.445   0.001   0.001   0.002   0.002   0.003   0.007   0.014 
  1.480   0.000   0.000   0.000   0.000   0.001   0.001   0.003 
  1.515   0.000   0.000   0.000   0.000   0.000   0.000   0.000 
  1.550   0.000   0.000   0.000   0.000   0.000   0.000   0.000 
  1.585   0.000   0.000   0.000   0.000   0.000   0.000   0.000 
