 -1.880   1.000 
 -1.830   1.000 
 -1.780   1.000 
 -1.730   0.999 
 -1.680   0.999 
 -1.630   0.998 
 -1.580   0.997 
 -1.530   0.996 
 -1.480   0.994 
 -1.430   0.991 
 -1.380   0.988 
 -1.330   0.984 
 -1.280   0.980 
 -1.230   0.973 
 -1.180   0.966 
 -1.130   0.958 
 -1.080   0.950 
 -1.030   0.938 
 -0.980   0.927 
 -0.930   0.915 
 -0.880   0.902 
 -0.830   0.887 
 -0.780   0.872 
 -0.730   0.858 
 -0.680   0.843 
 -0.630   0.826 
 -0.580   0.809 
 -0.530   0.792 
 -0.480   0.774 
 -0.430   0.754 
 -0.380   0.734 
 -0.330   0.714 
 -0.280   0.690 
 -0.230   0.667 
 -0.180   0.641 
 -0.130   0.614 
 -0.080   0.587 
 -0.030   0.560 
  0.020   0.532 
  0.070   0.505 
  0.120   0.478 
  0.170   0.451 
  0.220   0.424 
  0.270   0.394 
  0.320   0.366 
  0.370   0.336 
  0.420   0.307 
  0.470   0.280 
  0.520   0.252 
  0.570   0.224 
  0.620   0.198 
  0.670   0.173 
  0.720   0.149 
  0.770   0.124 
  0.820   0.102 
  0.870   0.082 
  0.920   0.064 
  0.970   0.051 
  1.020   0.040 
  1.070   0.030 
  1.120   0.021 
  1.170   0.015 
  1.220   0.009 
  1.270   0.006 
  1.320   0.004 
  1.370   0.002 
  1.420   0.001 
  1.470   0.000 
  1.520   0.000 
  1.570   0.000 
