 -1.880  -1.830   0.000 
 -1.830  -1.780   0.004 
 -1.780  -1.730   0.007 
 -1.730  -1.680   0.011 
 -1.680  -1.630   0.017 
 -1.630  -1.580   0.020 
 -1.580  -1.530   0.028 
 -1.530  -1.480   0.038 
 -1.480  -1.430   0.050 
 -1.430  -1.380   0.060 
 -1.380  -1.330   0.075 
 -1.330  -1.280   0.098 
 -1.280  -1.230   0.133 
 -1.230  -1.180   0.135 
 -1.180  -1.130   0.156 
 -1.130  -1.080   0.175 
 -1.080  -1.030   0.226 
 -1.030  -0.980   0.224 
 -0.980  -0.930   0.241 
 -0.930  -0.880   0.265 
 -0.880  -0.830   0.287 
 -0.830  -0.780   0.301 
 -0.780  -0.730   0.284 
 -0.730  -0.680   0.314 
 -0.680  -0.630   0.328 
 -0.630  -0.580   0.336 
 -0.580  -0.530   0.349 
 -0.530  -0.480   0.350 
 -0.480  -0.430   0.407 
 -0.430  -0.380   0.395 
 -0.380  -0.330   0.413 
 -0.330  -0.280   0.468 
 -0.280  -0.230   0.456 
 -0.230  -0.180   0.528 
 -0.180  -0.130   0.537 
 -0.130  -0.080   0.535 
 -0.080  -0.030   0.540 
 -0.030   0.020   0.567 
  0.020   0.070   0.540 
  0.070   0.120   0.541 
  0.120   0.170   0.547 
  0.170   0.220   0.540 
  0.220   0.270   0.587 
  0.270   0.320   0.570 
  0.320   0.370   0.591 
  0.370   0.420   0.574 
  0.420   0.470   0.552 
  0.470   0.520   0.555 
  0.520   0.570   0.560 
  0.570   0.620   0.515 
  0.620   0.670   0.510 
  0.670   0.720   0.477 
  0.720   0.770   0.496 
  0.770   0.820   0.435 
  0.820   0.870   0.414 
  0.870   0.920   0.353 
  0.920   0.970   0.263 
  0.970   1.020   0.227 
  1.020   1.070   0.197 
  1.070   1.120   0.180 
  1.120   1.170   0.125 
  1.170   1.220   0.108 
  1.220   1.270   0.056 
  1.270   1.320   0.051 
  1.320   1.370   0.037 
  1.370   1.420   0.016 
  1.420   1.470   0.017 
  1.470   1.520   0.007 
  1.520   1.570   0.000 
  1.570   1.620   0.000 
